[position] x y z [rotation] x y z w
5450.0 10270.0 -3020.0 -0.06162826311174478 -0.06162854573199226 -0.7044161554184754 0.7044158995382229
5788.585792806985 10252.137623827773 -3020.0000000000005 -0.0634968930500921 -0.05970145821962392 -0.7257745919259108 0.6823892746623538
6112.5897145304825 10214.57817119004 -3019.999999999999 -0.06530529234651221 -0.05771774026472794 -0.746444587354321 0.6597153623038556
6422.038919364361 10158.637254476449 -3019.9999999999995 -0.06705174562494097 -0.055679273543715296 -0.7664065349633838 0.6364156700394105
6716.974001884248 10085.582466316453 -3020.0000000000005 -0.06873459626885746 -0.05358799166551168 -0.7856414996389409 0.6125122990357745
6997.448665531862 9996.6347115711 -3020.0000000000005 -0.0703522479926848 -0.05144587833741243 -0.804131235854098 0.588027923085485
7263.529393540976 9892.969515757952 -3019.999999999999 -0.07190316635596364 -0.04925496548341628 -0.8218582049762096 0.5629857670993971
7515.295122304983 9775.718309909336 -3019.999999999999 -0.07338588021886161 -0.047017331316822536 -0.8388055919033341 0.5374095850764521
7752.836917186064 9645.969691863702 -3019.9999999999995 -0.07479898313763843 -0.04473509836892017 -0.8549573210143726 0.511323637571573
7976.2576507659915 9504.770663990308 -3020.0000000000005 -0.07614113469874287 -0.0424104314756386 -0.8702980714177687 0.48475266868306177
8185.671683538531 9353.127847347074 -3019.999999999999 -0.07741106179027595 -0.04004553572406987 -0.8848132914843003 0.45772188258132596
8381.204547043484 9192.008672271706 -3020.0 -0.0786075598096146 -0.03764265436081021 -0.8984892126501783 0.43025691960119933
8562.992629442288 9022.342545405989 -3020.0000000000005 -0.07972949380605014 -0.03520406666410514 -0.9113128624773643 0.40238383192053406
8731.182863535298 8845.021993153368 -3020.0 -0.08077579955735749 -0.03273208578181607 -0.92327207695871 0.37412905884813485
8885.93241722064 8660.903781569716 -3019.9999999999995 -0.0817454845792744 -0.030229056537259894 -0.9343555120562546 0.3455194017444765
9027.408386394687 8470.810012687343 -3020.0 -0.0826376290669328 -0.027697353205002183 -0.9445526544617302 0.3165819985989928
9155.787490294158 8275.52919727223 -3020.0000000000005 -0.08345138676734923 -0.025139377258714273 -0.9538538315690707 0.28734429828805286
9271.25576927981 8075.817304014487 -3020.000000000001 -0.08418598578214696 -0.02255755509323027 -0.9622502206494626 0.25783403453804254
9374.008285061775 7872.398785152042 -3019.9999999999995 -0.08418598578214696 -0.02255755509323027 -0.9622502206494626 0.25783403453804254
9464.248823366499 7665.96757852757 -3020.0000000000005 -0.08476126403858081 -0.020289199404559068 -0.9688256812091427 0.23190661037526442
9542.18959904527 7457.18808607861 -3020.000000000001 -0.08527543413739544 -0.018006216331442334 -0.9747026723311102 0.20581199444322135
9608.050963624377 7246.696128760935 -3019.999999999999 -0.08572812539054377 -0.015710251777714297 -0.979876957031598 0.17956899950882382
9662.061115296936 7035.099877905178 -3019.999999999999 -0.08611901143280734 -0.013402961006134757 -0.9843448049390899 0.1531965453119911
9704.45581135622 6822.980763006613 -3020.0 -0.08644781045708769 -0.011086007445036721 -0.9881029949837113 0.1267136449255714
9735.478083070691 6610.894355948229 -3020.000000000001 -0.08671428541757352 -0.008761061489087067 -0.9911488177194407 0.10013939104797338
9755.377953000618 6399.371231656985 -3019.9999999999995 -0.08691824420063758 -0.006429799295024886 -0.9934800772774703 0.07349294223839246
9764.412154756325 6188.917805193347 -3020.0 -0.08705953976333981 -0.0040939015732456945 -0.995095092949305 0.046793509104555236
9762.843855198003 5980.017145273975 -3020.0000000000005 -0.08713807023943729 -0.001755052376102689 -0.9959927003984599 0.020060340452939307
9750.942379077194 5773.129764227704 -3019.9999999999986 -0.08715377901282398 0.0005850621162013236 -0.996172252499882 -0.006687290588545364
9728.982936119879 5568.694384384725 -3020.0 -0.08710665475834786 0.002924754811256095 -0.9956336198064913 -0.03343010046541006
9697.246350551139 5367.128680898979 -3019.9999999999995 -0.08699673144997574 0.00526233892074373 -0.9943771906425054 -0.060148809098957506
9656.018793061456 5168.830001003811 -3020.0 -0.08682408833629987 0.007596129176519275 -0.9924038708234786 -0.08682415378614675
9605.591515214675 4974.1760597008215 -3020.0000000000014 -0.08658884988340418 0.009924443045595314 -0.9897150830032604 -0.11343690308693052
9546.26058629747 4783.525611881956 -3020.0 -0.0862911856851311 0.012245601943154681 -0.9863127656483395 -0.13996787068905397
9478.326632610562 4597.219100884835 -3020.0000000000005 -0.08593131034081386 0.014557932442716786 -0.9821993716403192 -0.16639792924031904
9402.094579201408 4415.57928348128 -3019.999999999999 -0.08550948330056228 0.01685976748258501 -0.9773778665075245 -0.19270802413834165
9317.873394038625 4238.911831299094 -3019.999999999999 -0.08502600867821367 0.019149447567705518 -0.9718517262870221 -0.21887918726786007
9225.97583462796 4067.505908677054 -3020.0 -0.08448123503208374 0.02142532196607088 -0.965624935018591 -0.24489255067569163
9126.718197069877 3901.63472695313 -3020.0 -0.08387555511367528 0.023685749898806025 -0.9587019818724501 -0.27072936017347704
9020.420067558794 3741.5560751859493 -3020.000000000001 -0.08320940558452639 0.02592910172307864 -0.9510878579128184 -0.2963709888584082
8907.404076323914 3587.5128273094615 -3020.000000000001 -0.08248326670140155 0.028153760106980945 -0.9427880524996328 -0.321798950542188
8787.995654011642 3439.7334257208445 -3019.9999999999995 -0.08169766197005343 0.030358121195536086 -0.9338085493310269 -0.34699491307854524
8662.522790509685 3298.4323413016455 -3020.0000000000005 -0.08085315776780415 0.03254059576698839 -0.9241558221294159 -0.37194071157969166
8531.31579621267 3163.81050987212 -3019.999999999999 -0.07995036293521889 0.03469961037854384 -0.9138368299743039 -0.3966183615121964
8394.707065729495 3036.0557450788356 -3019.9999999999995 -0.07898992833716563 0.03683360850073487 -0.9028590122851735 -0.4210100716628344
8253.030844032162 2915.3431277154705 -3019.9999999999995 -0.07898992833716563 0.03683360850073487 -0.9028590122851735 -0.4210100716628344
8106.6229950463385 2801.835371476854 -3020.0000000000005 -0.0782170171887949 0.03844764903064601 -0.8940245974339087 -0.4394586393384953
7955.820772683465 2695.683165146237 -3020.000000000001 -0.07741112982000795 0.04004548006811562 -0.8848132626585391 -0.4577219316677485
7800.96259431449 2597.0254912157757 -3020.0 -0.07657260599215673 0.04162642796909065 -0.8752288914490881 -0.4757922488638338
7642.387816685268 2505.9899209402574 -3020.0 -0.07570179922609342 0.04318982620743236 -0.865275524567386 -0.49366197249812444
7480.436514273467 2422.692885824039 -3019.9999999999995 -0.0747990766531264 0.04473501565592319 -0.8549573583434896 -0.5113235687120495
7315.449260087206 2347.239925541228 -3019.9999999999995 -0.07386481886023799 0.04626134486415412 -0.8442787429065128 -0.5287695913933614
7147.766908905224 2279.725912289071 -3020.0 -0.07289941972962946 0.047768170333175625 -0.833244180350617 -0.5459926853154101
6977.730382958697 2220.235251574585 -3020.0 -0.07190328627266054 0.04925485678679614 -0.8218583228369316 -0.5629855892380994
6805.680460054676 2168.842059434413 -3020.0000000000014 -0.07087683845825385 0.05072077743941392 -0.8101259706322081 -0.5797411389692186
6631.957564141111 2125.610316087893 -3020.000000000001 -0.06982050903583646 0.05216531426026927 -0.7980520700850315 -0.59625227038486
6456.901558313516 2090.5939960233777 -3020.0 -0.06873474335289302 0.053587858234005754 -0.7856417115404448 -0.6125120224076459
6280.851540263243 2063.837174517758 -3019.9999999999995 -0.06761999916720787 0.05498780961743046 -0.7729001271938645 -0.6285135399415134
6104.145640167343 2045.3741105892234 -3019.9999999999986 -0.0664767464538746 0.05636457819236513 -0.7598326888851912 -0.644250076761815
5927.120821020094 2035.2293063832549 -3019.999999999999 -0.06530546720715505 0.05771758351448168 -0.7464449058340479 -0.6597149983595215
5750.112681406078 2033.4175429918303 -3020.0 -0.06410665523727108 0.05904625515801687 -0.7327424223170977 -0.6749017847383246
5573.455260714928 2039.9438927058686 -3019.9999999999995 -0.06288081596221456 0.06035003295626338 -0.7187310152884226 -0.6898040331634612
5397.480846797658 2054.803707700897 -3020.0 -0.06162846619466358 0.061628367237735404 -0.704416591943964 -0.7044154608610993
5222.51978606462 2077.9825851559453 -3020.0000000000005 -0.06162846619466358 0.061628367237735404 -0.704416591943964 -0.7044154608610993
5048.900296025072 2109.4563088056625 -3020.0000000000005 -0.06007286951099917 0.0631456557698979 -0.6866360404876777 -0.7217581481420965
4876.948280268351 2149.1907669256702 -3019.9999999999995 -0.05847992919735026 0.06462369050873581 -0.6684286493874936 -0.7386521625123121
4706.987145886673 2197.1418467511317 -3020.0 -0.05685063548731392 0.0660615526504224 -0.6498057370652183 -0.7550870019959504
4539.337623339546 2253.2553053285556 -3020.0 -0.055186001213171 0.06745834836397833 -0.6307788802467955 -0.7710524500581675
4374.317588759785 2317.4666168008225 -3019.9999999999995 -0.05348706117627023 0.06881320934691168 -0.6113599067657645 -0.7865385819560664
4212.241888701157 2389.700796125441 -3019.9999999999995 -0.051754871503755545 0.07012529336498866 -0.5915608882106185 -0.8015357709083033
4053.422167327621 2469.8721992260284 -3020.0 -0.04999050899203636 0.07139378477579897 -0.5713941324206369 -0.8160346940794686
3898.166696044208 2557.884299577017 -3020.0 -0.048195070437409115 0.0726178950357909 -0.5508721758348532 -0.8300263383755233
3746.7802055694883 2653.629441221592 -3020.0 -0.04636967195424606 0.07379686319046072 -0.5300077756989183 -0.8435020060466893
3599.56372044967 2756.9885682228523 -3019.9999999999995 -0.044515448281175214 0.07492995634739143 -0.5088139021347002 -0.8564533200943083
3456.814396014303 2867.8309305482026 -3020.0 -0.042633552075682715 0.07601647013184722 -0.4873037300775529 -0.8688722294783092
3318.8253577736073 2986.013766386958 -3020.0 -0.040725153197576136 0.0770557291246402 -0.46549063108626354 -0.880751014122048
3185.8855432574014 3111.3819609012003 -3019.9999999999995 -0.0387914379817542 0.07804708728199719 -0.4433881650307734 -0.8920822897114076
3058.2795462956537 3243.7676814098377 -3020.0 -0.03683360850073487 0.07898992833716563 -0.4210100716628344 -0.9028590122851735
2936.287463740644 3382.989989005905 -3020.0 -0.03683360850073487 0.07898992833716563 -0.4210100716628344 -0.9028590122851735
2820.184744630751 3528.8544266070817 -3020.0 -0.034699609976025454 0.07995036310991767 -0.3966183569113902 -0.9138368319711201
2710.2420417958315 3681.152583439447 -3020.0 -0.032540594952861185 0.08085315809546213 -0.37194070227417514 -0.924155825874564
2606.7250659042274 3839.661635954457 -3020.0000000000005 -0.030358119961590053 0.08169766242857673 -0.3469948989744775 -0.9338085545719724
2509.8944419513978 4004.143865179135 -3020.0 -0.02815375844589873 0.08248326726837363 -0.32179893155593137 -0.9427880589801533
2420.0055681901395 4174.34615049952 -3020.0 -0.025929099628446764 0.0832094062372401 -0.29637096491665627 -0.9510878653733703
2337.3084775024367 4349.999439877312 -3020.0 -0.02368574736512498 0.08387555582916541 -0.2707293312133702 -0.9587019900505398
2262.0477012129295 4530.8181964997575 -3020.0 -0.021425318988764142 0.0844812357871597 -0.2448925166449199 -0.9656249436491487
2194.462135343987 4716.499821862758 -3019.9999999999995 -0.019149444143127504 0.08502600944949264 -0.21887914812475423 -0.971851735102781
2134.7849093123923 4906.724055287212 -3020.0 -0.01685976360802782 0.08550948406450241 -0.1927079798519503 -0.9773778752394001
2083.243257067652 5101.152349868575 -3020.0 -0.014557928116415916 0.08593131107374795 -0.16639787979047385 -0.9821993800177942
2040.058390671912 5299.427224859654 -3020.0 -0.012245597164293597 0.08629118636330024 -0.13996781606642178 -0.9863127733998481
2005.4453763214933 5501.171594486621 -3020.0000000000005 -0.009924437814308858 0.08658885048299166 -0.1134368432930527 -0.9897150898565765
1979.6130128100308 5705.988073198256 -3020.0 -0.007596123493895971 0.08682408883346517 -0.08682408883346518 -0.9924038765061041
1962.763712433241 5913.458257348429 -3020.0 -0.005262332788826902 0.08699673182088859 -0.06014873901082747 -0.9943771948820586
1955.0933843352905 6123.141983311783 -3019.9999999999995 -0.0029247482330439106 0.08710665497922232 -0.03343002527610071 -0.9956336223310979
1956.79132029679 6334.576562032669 -3019.9999999999995 -0.00058505509564564 0.08715377905995257 -0.006687210343226696 -0.9961722530385644
1968.0400829643913 6547.275990007292 -3020.0 0.001755059834098606 0.08713807008922508 0.020060425698222722 -0.9959926986815265
1989.015396522006 6760.7301366991 -3020.0 0.004093909462830586 0.08705953939233836 0.046793599282923204 -0.9950950887087391
2019.8860398036377 6974.40390838737 -3020.0 0.00642980760940407 0.08691824358557884 0.07349303727218143 -0.9934800702473169
2060.813741847822 7187.73638844906 -3020.0 0.008761070220528107 0.08671428453540365 0.10013949084880114 -0.991148807636193
2111.9530798936903 7400.139954073853 -3020.0 0.011086016584876285 0.0864478092850005 0.12671374939441565 -0.9881029815866933
2173.45137981864 7610.999369412457 -3020.0 0.013402970544786565 0.0861190099482777 0.15319665433928015 -0.9843447879708386
2245.448619017617 7819.670855158098 -3020.0 0.01571026170467817 0.08572812357136073 0.1795691129745401 -0.9798769362382406
2328.0773317240264 8025.481134561278 -3020.0 0.018006226635314402 0.08527543196169494 0.205812112217018 -0.9747026474627396
2421.462516772236 8227.726455877735 -3020.0 0.020289210073043042 0.08476126148487821 0.2319067323165943 -0.9688256520201887
2525.721547801715 8425.67159124963 -3020.0 0.022557566113149834 0.08418598282936919 0.25783416049629954 -0.9622501868990583
2640.964085902768 8618.548812019966 -3020.0 0.022557566113149834 0.08418598282936919 0.25783416049629954 -0.9622501868990583
2767.2919947038986 8805.556840480254 -3020.0 0.025689594885796935 0.08328366773750881 0.2936335541254932 -0.9519365584399115
2904.799257900778 8985.85977805136 -3020.0 0.02878569441471685 0.08226487283310421 0.3290222744225633 -0.9402915597986717
3053.5718992268303 9158.586009897623 -3020.0 0.031841534522066284 0.08113102299383805 0.36395082703143333 -0.9273314775690455
3213.6879048654264 9322.827085974164 -3020.0 0.03485284133647839 0.07988370401222303 0.3983703611825482 -0.913074437609195
3385.217148303708 9477.63657850747 -3020.0 0.03781540327046207 0.07852466037772642 0.4322327380151364 -0.8975403796910719
3568.2213176280065 9622.028915909144 -3020.0 0.04072507691069156 0.07705579283694217 0.46549059790380043 -0.8807510296128248
3762.7538452608874 9754.978193122928 -3020.0 0.04357779281294827 0.07547915573522333 0.49809742669527723 -0.8627298688132876
3968.859840139798 9875.416958404927 -3020.0 0.04636956119360999 0.0737969541434926 0.5300076207627279 -0.8435021015310442
4186.576022337352 9982.234976537085 -3020.0 0.049096477509727524 0.07201154077424912 0.5611765507865725 -0.8230946195539981
4415.930660123201 10074.277968473862 -3020.0 0.051754727919884516 0.0701254126910855 0.5915606241726687 -0.8015359646087543
4656.943509467527 10150.346327422145 -3020.0000000000005 0.05434059461820279 0.06814120781631629 0.6211173460205337 -0.7788562884424074
4909.625755986174 10209.193811354404 -3020.0 0.056850461034033274 0.06606170124160278 0.6498053785563425 -0.7550873106525706
5173.979959327355 10249.526211955039 -3020.0 0.05928081689006029 0.06388980134673405 0.6775845989475779 -0.7302622743246239
5450.0 10270.0 -3020.0 0.06162826311174478 0.06162854573199226 0.7044161554184754 -0.7044158995382229
